[#.#......] (2,3,4,5,6,7,8) (0,1,2,3,7) (1,2,3,4,8) (1,2,3,4,5,6,8) (0,4,6,7,8) (4,6,7) (5) (0,1,3,7,8) {13,30,32,41,36,25,29,24,45}
[..#..#.] (0,3,4,5) (3,4) (0,1,3,5,6) (0,1,5,6) (5,6) (0,1,2,4,6) (1,2,3,5) (2,4,5,6) (0,1,2,3,6) {54,55,37,35,27,43,65}
[..##] (1,3) (1,2) (0,1,2,3) {19,46,28,37}
[##.#.#] (2,3) (0,5) (0,3) (1,3,5) (1,3) (1,2,3) (0,2,3,4) (0,1,3) {43,26,17,46,15,25}
[#.##.#...] (0,1,2,3,5,7,8) (0,1,2,3,4,6,7,8) (1) (0,2,3,4,5,6,7) (0,1,7) (0,2,3,5) (3,8) (1,6) (0,1,2,4) (0,1,6,7,8) {61,67,34,31,28,23,53,50,24}
[#.#.##.##.] (0,1,2,4,6,7,8,9) (6) (3,4,5,7,8) (3,4,7) (2,5) (2,4,7,9) (2,4,5,7) (1) (3,5,6,9) (0,5,7,9) (0,1,3,4,7,9) {44,47,57,42,69,46,40,78,21,69}
[.....#..] (1,2,3,4,5,7) (0,1,2,4,5,6) (0,2,5,6) (0,2,3,4,6,7) (0,1,2,3,5,6,7) (0,1,2,3,4,5,7) {36,19,43,20,30,31,36,20}
[#.#.#] (0,1,2) (1,4) (0,3) {18,30,13,5,17}
[...#.#..] (2,4,6,7) (0,1,2,3,5,7) (2) (1,7) (0,2,3,5) (0,1,3,4,5,7) (3,5,6,7) {42,135,61,53,17,53,21,156}
[###.##.##] (3,4,5,6,7,8) (0,1,4,6) (0,3,5,6,7) (0,2,7,8) (0,2,4,6,8) (0,6,7,8) (1,2,3,5,6) (0,2,3) (6,7) (1,2,6,7) (0,1,2,5,6,7,8) {71,51,85,42,27,59,108,93,75}
[#...##.#] (0,3,6) (4,6,7) (0,1,4,5,7) (0,1,4) (1,2,4) (1,3,4,5) (0,1,3,4,5) (0,4,5,7) {164,188,17,153,198,160,14,21}
[#####....#] (1,4,8) (0,1,2,7,8) (4,6,7) (0,4,5,6,8) (1,3,6,7,9) (0,5,6,8) (4,6) (1,3,8,9) (0,4,9) (0,1,3,4,5,7,8,9) (0,2,3,7,9) (1,2,3) {39,55,32,44,42,17,48,43,48,34}
[...#.] (0,2,3,4) (0,1,4) (2,3,4) (0,1,3,4) (1) (0,2) (1,2,3) {164,180,56,64,172}
[#.#..#.#.] (0,3,4,5,7,8) (3,5,8) (1,2,3,7,8) (0,1,6) (0,1,2,3,7) (0,3,4,5,6,7,8) (1,2,3,4,5,6,7,8) (0,2,3,4,5,6,8) (1,3,5,6,7) (1,3,4,5,7) (1,4,6,7) {47,79,34,83,57,68,74,77,68}
[..##.#.###] (0,1,2) (0,1,3,4,5,6,7,9) (4) (7,9) (0,1,2,4,5,7,8,9) (2,3,4,5,8) (0,1,3,4,5,6,8) (2,3,4,6) (0,1,3,5,6,7,8) (0,1,2,4,5,6,7,8) (0,3,4,5,6,7,8,9) {76,71,63,71,114,82,71,64,63,51}
[.#..#.#] (0,4,6) (1,4,6) (2,3,4) (2,3) (0,1,3,5,6) (0,1,2,5) (3,6) {35,41,38,41,22,29,35}
[.#.#.#] (2,4,5) (0,2,5) (2,3,4,5) (1,3,5) (0) (0,2,3,4,5) (0,1,2,4) {53,157,66,173,51,193}
[..#.#.#..] (0,3,4,6,7) (0,1,5) (2,3,4,5,6,7,8) (0,7,8) (0,1,2,4,5,8) (0,1,3,5) (0,1,2,3,5,6) (1,2,4,5,6,7) (0,3,5,6,7,8) (4,5,6) {49,38,36,50,57,73,64,45,28}
[#.###...##] (0,2,3,7,8) (3,4,5,8,9) (2,3) (4,6) (0,4,8,9) (2,3,6,7,9) (0,1,3,5,6,7,8,9) (0,1,2,3,4,5,6,7,9) (5,7,8) {52,33,44,65,35,47,51,64,51,55}
[.#..] (1,2,3) (0,2,3) (0,2) (2,3) (0,3) {18,2,27,35}
[..#..] (2,3) (1,2,3) (0,3,4) (1) (0,1) (0,2) {53,36,31,29,18}
[####..] (0,3,4,5) (0,3,4) (0,1,2,5) (1,2,4,5) {41,19,19,22,22,38}
[#....] (0,1,3) (2,4) (0,2,4) (1,2) {7,21,35,6,20}
[..#.#.##] (0,2,4,6) (2,3,5,6) (0,7) (0,2,3,5,6,7) (0,2,3,4,5,7) (1,2,4) (0,1,4,5) {62,32,67,37,49,52,46,34}
[#....#.###] (1,7,8,9) (0,2,5,6,7,8,9) (2,8) (0,1,4,5,8,9) (0,1,2,3,5,6,7,8,9) (1,3,4,5,6,8,9) (0,1,2,3,4,5,7,8,9) (0,1,2,4,6,9) (5,7,8,9) (0,2,3,6,9) {65,68,80,32,37,64,52,78,101,102}
[#.###...#.] (1,2,3,4,5,6,7,9) (3,4,6,8) (3,4,5,7,8,9) (0,1,2,3,7,9) (0,1,2,3,4,5,7,8,9) (1,6,8) (0,3,4,5,7,9) (0,2) {33,34,35,44,42,36,33,38,29,38}
[.####.#] (1,2,3,4,6) (0,2,5) (0,1,2,4,5) (0,1,2,5,6) (1,2,4,5,6) (2,3,4,5,6) (1,2,3,4,5,6) {22,60,76,39,73,62,56}
[.##...##..] (0,3,6,8,9) (0,2,3) (1,2,4,6,7,8,9) (1,2,3,4,7,8) (1,2,3,5,6,9) (2,4,6) (0,2,3,5,6,7,8,9) (1,2,3,4,5,6,7,8,9) (0,3,4,5,8,9) (0,4,5,8,9) (1,4,9) {50,42,74,72,62,34,63,52,77,67}
[#..#..] (1,2) (3) (0,2,3,4) (0,1,5) (1,3,4) {9,41,22,23,22,5}
[...#.#.#.] (0,1,3,4,6,7,8) (1,3,5,6) (2,3,4,8) (0,1,5,6,7,8) (2,4,7) (1,3,5,6,7,8) (0,1,3,4,5,7) (0,2,3,4,5,6) (0,5) (0,1,3,5) {148,53,27,58,38,180,40,50,29}
[.#.....##] (0,1,2,3,5,6,7) (3,7,8) (0,2,3,5,6,8) (3,4) (2,3,4,5,6,7,8) (0,1,3,4,5,6,8) (0,2,3) (4,6) (4,5,6) {39,16,46,57,45,54,63,28,26}
[..####..] (0,1,6,7) (0,1,2,3,5,6) (1,3,7) (0,3,5) (0,3,4,5) (0,1,2,3,5,6,7) {60,47,23,46,13,41,42,36}
[###.] (2) (0,1,3) (1) (1,2) (3) (0,2,3) {37,50,37,44}
[.#....] (0,2) (0,2,3,4) (1,3,5) (0,1,2,4,5) (0,2,3,5) (4,5) {34,31,34,35,43,52}
[######] (0,1,2,5) (0,3,4) (2,4,5) (3) (1,5) (0,1,2,4) (2,5) {22,38,45,2,40,44}
[...####] (1,2) (0,1,2,3,5) (1,5,6) (0,1,2,4) (0,2,4,5) {36,43,39,12,24,48,20}
[#.####.##] (2,5,8) (0,1,2,4,5,6,7,8) (2,3,5,6,7) (0,2,3,5,6,7,8) (1,2,3,4,6,8) (0,1,2,3,4,5,7,8) (7,8) (6,7) (1,2,3,4,5,7,8) (2,7,8) (0,3,4) {25,16,53,42,24,35,41,77,60}
[#####.] (0,1,2,5) (0,2,3,5) (0,1) (1,4) (0,1,5) (1,3,4,5) {49,37,31,14,2,49}
[.###.] (0,2,3) (1,4) (0,1) (2,3) (0,3,4) (1,2,4) {30,19,15,32,35}
[.#..##....] (2,4,5,7) (0,1,2,4,6,7,8,9) (0,2,4,5,7,9) (0,4,5,6,7,9) (1,6,9) (3,4) (1,2,4,5,6) (0,1,3,5,6,7,8,9) (1,3,4,6,7,9) {55,56,50,42,85,65,67,81,32,70}
[#...] (0,2) (1) (0,1,3) (1,3) (2,3) (0) {40,36,12,22}
[...##] (0,1,2,3,4) (0,1,2,3) (0,1,2) {144,144,144,132,130}
[.#.#...##.] (0,1,2,3,7,8,9) (0,1,2,5,6,9) (0,1,2,3,5,6,8,9) (1,2,4,8,9) (0,1,2,3,5,6,9) (2,3,4,5,6,7,8,9) (1,8) (0,1,2,4,6,8,9) (3,5,7,8) (1,2,6,9) {60,81,198,179,144,185,175,155,202,198}
[##.#..###] (0,1,2,6,7) (1,2) (0,1,2,3,4,6,8) (1,3,4,6,8) (0,4,5,6,8) (0,1,2,8) (0,1,6,8) (1,2,4,5,6,7,8) (2,3,7) {48,212,211,39,180,157,194,169,202}
[#...] (2,3) (1,2) (0,2,3) {10,4,16,12}
[.#.#.#] (0,1,5) (0,2,4) (2,3) (0,3,4,5) (0,2,5) (0,2) {155,5,145,31,27,127}
[.##...#] (1,2,3,4,5,6) (1,3,4,5) (1,2,3,4,5) (0,1,4) (0,1,2,4,5) (1,3,5) (0,1,2,3,6) (0,1,3,4) {37,83,28,61,56,51,21}
[####..] (1,3,5) (3,4,5) (0,1,2,4,5) (0,3,4,5) (0) (0,2,3,4) (1,3,4,5) (2,3) {38,17,13,52,42,45}
[.#.#] (0) (2,3) (0,1) (0,1,2) (2) {168,22,36,5}
[#...#] (0,2,4) (1,2) (0,4) (3,4) (1,2,4) {15,12,19,119,139}
[...#..] (1,2,5) (0,2,3,4) (2,3,4,5) (0,1,2,3) (0,2,3,5) (2,4,5) {15,17,53,26,31,43}
[..###] (0,1,4) (0,2,3) (2,3,4) {16,9,20,20,22}
[##.##.#] (3,4,5) (0,1,6) (0,4,5) (0,4) (0,2,5,6) {34,6,12,8,24,21,18}
[##.#..##.] (1,2,4,5,6) (2,3,5,7,8) (2,5,6,7,8) (0,1,2,4,5,7) (3,6,8) (0,1,2,3,5,7,8) (0,2,3,4,6,7) (0,2,3,6,7,8) (1,4) (2,3,4,5) {28,13,53,53,31,32,39,50,38}
[.#.#..] (0,2,3) (0,3,4,5) (0,2,3,5) (1,3,5) {192,10,189,202,3,18}
[..##.#..#] (0,4,5,7) (3,5) (4,5,6,7) (0,3,4,7) (5,6) (1,4,7) (2,5,6,8) (0,2,5,7) (0,2,3,4,6,8) (1,2,3,8) {48,37,56,58,62,184,141,78,36}
[.###] (3) (1,3) (1) (0,3) (1,2) (2,3) {4,41,21,37}
[..####] (2,3,4,5) (1,3,4) (1,2,3,4,5) (0,2,4,5) {11,14,35,26,37,35}
[##..#.] (1,2,3) (1,3,4,5) (0,1,3,4,5) (0,2,3) (0,1,2,5) (1,3,5) (1,2,4,5) {37,61,45,35,26,56}
[#.###.] (0,1,3,5) (1,2,4,5) (1,4,5) (0,2,4) (0,2,3,4) (2,3,4) (1,2,3,5) (0,1,2,5) {43,47,65,38,55,47}
[#########] (3,4,5,6,8) (2,3,4) (0,4,6) (0,1,2,3,4,5,6) (1,2,3,4,5,7,8) (0,7) (0,1,2,3,4,8) (0,3,7) {64,51,60,65,68,37,26,42,34}
[....#.##.] (0,1,2,4,6,8) (0,2,5,6,8) (6,8) (0,1,2,3,6,7,8) (4,5,6,8) (0,2,4,5) (0,1,2,3,4,5,6,7) (7) {58,40,58,20,36,26,58,21,52}
[.#.#..] (0,1,5) (0,2,4,5) (0,3,4) (2,3,4,5) (2,3) (1,2) (2,3,4) {45,25,69,49,56,48}
[#.#..#.##.] (0,1,6,7,9) (0,1,2,4,5,7,8,9) (2,3,5,8,9) (0,1,2,3,5,6,8,9) (2,3,6,8) (0,1,2,3,5,6,7,8) (0,2,3,4,5,6,7,8,9) (0,1,6,7,8,9) (9) (0,1,3,4,7,8,9) (1,2,6,8) {109,97,74,74,52,72,73,93,105,117}
[#####] (2,4) (0,1,3) (1,2,3,4) {3,9,15,9,15}
[####......] (0,1,2,3,4,5,6,7,8) (0,1,2,4,5,6) (0,9) (1,7) (0,3,5,7,8) (0,2,3,4,5,6,7,8,9) (2,4,5,6,7) (3,6) (1,4,5,6,8) {59,49,47,28,61,70,67,42,36,21}
[.#.#.#] (2) (0,1,3,4) (0,1,2) (2,3,4,5) (1,2,3,5) (0,1,4,5) (1,4,5) {13,29,42,36,32,48}
[####.] (1,2,3) (1,2,3,4) (1,2) (3,4) (0,1,2,3) {0,25,25,144,138}
[#...] (2) (0,1,2) (0,2,3) (3) {9,3,22,147}
[#..#..] (0,1,3,5) (2,3,4,5) (0,1) (0,2,3,4) (2,4) {24,19,35,38,35,33}
[...##] (1,2) (0,1,4) (0,1,2) (0,2) (2,3,4) {42,31,46,10,21}
[.##..#] (0,1,3,4) (0,3,5) (0,5) (3,4,5) (1,5) (2,5) {35,31,13,22,19,62}
[#.####] (2,3,4) (0,1,3) (0,3,4,5) (1,2,3,4,5) (4) (1,2,4,5) {23,140,144,60,170,135}
[##..#.#..] (0,1,3,6,7,8) (2,7,8) (2,6) (4,5,6,7) (5,6) (0,1,7,8) (1,2,3,5,6,7,8) (0,1,3,6,8) {22,25,25,25,13,19,43,52,45}
[#.#.] (0,1,2,3) (0,2) {199,9,199,9}
[.###] (1,2,3) (0,2) {16,4,20,4}
[.###] (0,1,3) (1,3) (0,2,3) (1,2) (1) (0,2) {35,54,35,38}
[...#..#...] (1,3,6) (0,1,3,4,5,7,8,9) (1,2,3,4,6,7,8,9) (5,8) (0,1,2,4,6,7) (0,2,3,5,6,8,9) (1,4) (0,1,2,5,6,7,8) (6,7) (0,1,5,6,8,9) (0,2,3,4,5,7,9) (0,1,4,9) {36,192,47,172,24,34,202,49,41,19}
[.#.##..] (0,1,2,3,4) (0,2) (0,1,5) (4) (1,2,3,5,6) {41,26,33,18,36,8,0}
[##..#.] (3,4,5) (1,5) (2,3,4,5) (0,1,2,3,4) (3,4) (0,5) (0,1,4) (0,1) {35,24,17,38,39,48}
[..##.#..] (0,4) (0,1,2,4,7) (0,1,2,4,5,6,7) (4,5,6) (2,3) (4,7) (0,2,3,4,5,6) (2,6) (1,2) (0,1,2,4,6,7) {26,20,60,24,48,29,45,36}
[.##.#.] (2,3,4,5) (3,4,5) (1,4,5) (1,2,3,5) (1,3,5) (0,1,3,4,5) (0,2,3,5) (2,3,4) {171,56,183,219,34,218}
[#.###..#..] (0,1,3,4,7,8) (0,1,2,3,4,5,7,8,9) (0,1,2,4,6,8,9) (1,8,9) (0,1,2,5,6,7,8,9) (0,2,3,4,5,8) (2,3,4,6,7,8,9) (1,2,3,7,8) {50,59,63,40,42,32,26,34,75,44}
[#.#.] (1,3) (2,3) (0,1,2,3) {9,12,27,30}
[.#.###.] (0,1,2,3,4) (1,5,6) (0,2,6) (0,1,4,5) (3,4) (0,1,2,3,4,6) {52,41,32,26,46,23,18}
[##.#.###..] (4,5,6,8) (4,7) (1,2,3,6,9) (0,3,4,5,6,7,8,9) (0,1,3,6,8,9) (0,3,6,7) (0,2,6,9) (0,3,4,5,6,7) {30,5,7,27,38,32,52,28,25,12}
[#.####.#..] (3,4) (0,1,2,3,7,9) (0,1,2,3,4,8) (5,8) (0,2,4,6,7,9) (0,3) (1,4,8) (2,3,7,8,9) (0,1,3,4,6,7,8,9) (2,4,5,9) (0,3,4,5,6,8) (0,2) (0,1,2,3,6,7,8,9) {157,129,168,171,37,34,8,140,48,153}
[.###.###] (0,4,6) (0,2,4,5,6,7) (1,2,5) (1,2,4,7) (1,2,4,5,7) (0,2,3,4) {28,151,171,9,178,143,19,161}
[...#...#.] (1,2,3,5,6,7,8) (0,2,3,4,5,6,7) (2,6,7) (1,2,8) (0,1,3,6) (2,4,6,7) (0,3,4,5,6,8) (0,2,5,8) {179,15,207,185,185,192,213,199,35}
[###..#.#] (0,2,3,4,5,6) (0,2,5,7) (1,4,5) (0,1,2,3,5,6) (2) (0,1,3,4,5) (0,1,2,5,7) {52,37,48,34,32,57,25,18}
[...#] (0,1) (0,1,3) (1,2) {31,42,11,14}
[###.#] (1,2) (0,1,2,4) (0,1,3,4) (1) {4,33,18,3,4}
[...##..] (0,2,5,6) (6) (1,6) (3,4) (1,2,4) (0,1,3,5,6) (0,3,4) (0) (5) {37,35,4,41,22,25,49}
[###.##.##.] (4,6,8) (2,7,9) (0,2,3,4,5,6,8,9) (0,2,3,5,6,7,8) (1,4,9) (0,2,3,4,5,7,8,9) (2,3) (1,2,3,4,7) {48,26,82,66,61,48,40,58,54,62}
[#.###.####] (0,6) (0,1,2,4,5,6,9) (3,4) (0,4,5,6) (1,3,5,8,9) (0,2,3,4,6,7,8,9) (4,5) (0,1,3,7,9) (0,1,2,3,4,5,6,9) (0,3,5,7,8) {94,52,44,73,91,64,74,35,20,67}
[##....##..] (0,2,3,4,6,7,8) (2,7,8) (0,1,2,3,4,6,7,8) (0,2,3,4,5,7,9) (0,1,6,7) (0,1,2,3,5,6,8,9) (0,1,3,5,7,8,9) (0,2,7,8,9) (0,2,3,7,8,9) (6,8) (0,1,2,3,5,6,9) (0,1,2,3,5,6,7,8,9) {214,185,195,192,21,180,184,193,182,196}
[.#..#] (0,2) (0,2,3,4) (0,1,4) (0,1,2) (0,4) (0,1) (2,3) {48,21,44,21,23}
[####.###] (5,6,7) (1,2,3,5,6) (2,3,4,6) (1,2,3,5,6,7) (1,6) (0,2,3,4,5,7) (1,2,4,5,6) (1,3,6) (1,6,7) (0,2,4,5) {20,65,67,45,46,64,76,51}
[.##.#.#..] (0,1,2,7) (1,2,3,5,6,7,8) (2) (4,6,8) (0,1,3,5,6) (0,2,4,5,6,7) (1,7,8) {26,43,32,20,15,24,35,30,32}
[#.#.] (0,1,2) (1) (0,1,3) {14,33,13,1}
[.#..####] (2,3,5,6,7) (2,4) (0,2,4,7) (0,1,2,3,4,6) (1,2,4,5,6,7) (2) (3,7) (1,2,4,5,6) (1,2,6,7) (1,3) {18,25,70,35,41,23,31,35}
[###.] (0,1,2) (1,3) {145,154,145,9}
[#####...#] (1,3,5,6) (0,1,2,3,4,6,7,8) (0,1,2,3,5,6,7,8) (0,1,2,4,5,6,7) (2,3,5,6,7,8) (0,2,3,4,5,6,8) (1,2,3,5,6,7,8) (0,2) (0,2,3,4,6,8) (0,1,2,4,6,7) {216,61,251,222,215,65,254,76,218}
[.#.#] (0,1,3) (1,3) (0,1) (0,1,2) {145,147,132,13}
[.####..#] (0,1,3,5,6,7) (1,2,3,6) (1,4) (0,2,3,6,7) (5,6) (1,2,4,7) {24,60,50,39,36,19,49,44}
[#.#......] (0,1,2,3,4,6,8) (4,5) (3,6,8) (6,7,8) (2,3) (3,4,5,6,8) (0,2,5,7,8) (4,5,7) (0,1,6) {27,20,38,50,38,31,41,9,42}
[##.#..#] (0,1) (0,2,4,5) (0,2,3,6) (0,6) (4,5,6) (1,2,3,5,6) (2,4,5) (1,2,3,4,6) (0,1,4,5) {76,42,47,29,54,63,68}
[##.###.##] (0,2,5,6,7,8) (0,1,2,7) (0,1,2,4,6,8) (2,6,7,8) (2,4,5,7,8) (2,3,4,7) (2,5,6) {10,7,44,16,30,19,9,40,19}
[#####.#.] (3,4,6,7) (2,6) (0,2,3,4,5,6) (1,2,4,6,7) (0,2,5,6,7) (4,6) (0,1,2,3,4,6) (2,4) (0,2,3,4,6,7) {53,20,75,52,86,22,90,38}
[#.##...##] (3,8) (2,4,6) (0,1,7) (1,2,3,5,8) (5,6) (1,4,6,7,8) (0,1,3) (3,4,5) (0,1,2,3,4,5) {33,51,12,46,38,43,38,22,21}
[#.###] (1,3) (2,4) (0,3) (0,4) (1,2) (3,4) (0,1) {22,17,32,28,35}
[##...#.##.] (0,1,2,3,6,7,8) (0,1,4,5,9) (0,1,2,5,7) (0,1,3,6,8,9) (0,4,9) (0,1,2,5,6,7,8) (2,3) (3,8) (3,5) (1,2,6,8) (0,1,4,5,6,7) {71,87,66,58,32,64,59,38,62,33}
[...#...##.] (4,5,6,7,8,9) (0,1,2,8) (3,4,8) (0,1,2,4,6,7,9) (2) (2,6,7,9) (0,8) (0,3,4,5,6,7,8,9) (2,4,6,8) (1,4) (2,3,4,5,6,7) (0,1,6) (0,2,6,7,8,9) {65,26,78,55,89,48,96,92,77,72}
[#.##] (0,1,3) (0,2) (3) (0) (1,2,3) (0,3) {61,25,23,52}
[#.##..] (0,1,2,3,4,5) (0,2,3) (0,3,4,5) (1,2,3,5) {49,19,38,57,30,38}
[####.##] (0,3,5) (3,4,5,6) (2,6) (2,3) (0,4,6) (0,1,3,4,6) (0,1,2,5) (1,3,4,5,6) {41,24,18,54,38,35,48}
[#.##.####.] (0,2,3,4,5,7,8) (0,1,8,9) (2,3,4,5,8,9) (0,4) (1,2,9) (2,6) (0,1,2,4,5,6,7,8) (3,5,9) (5,8) (8) (0,4,5,8) (1,5,6,9) {49,33,43,40,49,65,13,21,58,52}
[.###..#.] (3,4) (0,1,3,4,6) (0,2,3,4,6,7) (1,2,4,6) (1,2,3,5) (0,1,5,7) (0,2,3,4,5,6) (2,3,4,5,6) (1,6) {47,57,62,73,86,32,87,27}
[......#.] (1,2,5) (2,4,5,6) (0,1,2,4,5,6,7) (3,6) (3,4) (1,3,4,6) (2,4,6,7) (0,1,2,4,6) {25,52,48,46,63,31,61,20}
[##.#] (1,2) (0,2) (1,3) (3) (0,2,3) {5,173,171,19}
[.####...#] (0,1,2,3,6,7) (4,7,8) (0,2,3,4,5,6,8) (1,4,6,7,8) (2,3,6) (5,7,8) (0,3,5,8) (1,8) (1,7) (0,5) (0,1,2,4,5) {45,41,55,38,56,49,38,41,45}
[#...##.#.#] (0,1,2,4,5,7,8,9) (0,2,3,4,6,7,8,9) (0,1,2,4,5,6,8) (0,1,2,3,6,7,8) (0,2,3,6,7,9) (0,1,2,3,4,5,6,8) (0,1,2,3,4,5,8,9) (0,1,2,3,6,7,8,9) (0,3,4,6,7,8,9) (0,5,8) (0,1,2,3,5,6,7,8) (0,2,5,6,7,8) (1) {88,54,61,53,46,58,67,51,88,33}
[..###..] (0,5,6) (1,2,5) (0,2,5) (1,2,3,4,5,6) (1,3,5,6) (0,2,3,4) {48,19,36,26,15,57,36}
[#.##.] (3,4) (1,2) (0,2,3) (0,1,3,4) (0,1,3) (2,4) {31,35,192,34,194}
[..#..##.#] (1,3) (0,1,2,3,4,5,8) (1,2,4,7) (1,3,4,6,8) (0,2,3,5,6,7) (0,6,7,8) (0,2) (1,2,3,4,6) {42,51,56,63,43,32,48,30,29}
[...##.#.] (0,2,3,4,6,7) (0,4,6,7) (1,2) (0,1,3,4,5,7) (4,5,7) (0,1) (2,3,6,7) (2,3,4,6,7) (0,2,3,5,6,7) {79,32,59,62,68,48,67,95}
[###....] (2,3) (3,4) (0,1,3,4,6) (1,4,6) (1) (0,1,3,5,6) (0,5) (1,3,5,6) (0,1,2,4,6) {54,65,20,212,220,29,62}
[##...#] (0,2) (1,3) (0,2,3,4) (1,2,5) {19,10,27,9,7,8}
[.#.#.#...] (1,2,3,4,5,6,7,8) (2,3) (0,4,5,7) (1,2,4,7) (1,3,4,6) (0,1,2,7,8) (0,2,6,8) (0,2,4) (3,5,6,7) {53,23,54,10,32,13,25,29,35}
[#####.#] (0,4,5) (0,1,3,4,5) (0,1,2) (0,1,5,6) (0,3,4,5,6) (2,3,5,6) {29,18,26,28,18,43,26}
[..#.###] (1,3,4) (0,2,3,5) (0,1,2,5,6) (0,1,6) (1,4,5,6) (1,2,3,4,6) (1,4) {34,57,33,48,43,33,38}
[.#.#.#.#] (0,3,4,5,6,7) (0,5,6) (1,3,6) (4,5,7) (1,2,6) (0,4,5,6,7) (0,1,3,4,5,7) (0,1,3,4,6,7) (1,2,6,7) (0,1,2,3,4) {57,28,8,34,71,72,56,78}
[####] (2,3) (3) (0,2,3) (0,1) (1,2) (1,2,3) {17,37,34,41}
[##.##] (0,2,3) (0,2,3,4) (0,1,2) (0,3,4) (0,1,3,4) (4) {158,125,147,43,43}
[.#....###] (0,1,2,3,5,6,8) (0,4,5) (0,1,3,5,6,7) (1,2,4,5,7) (2,3,4) (1,2,5,6) (4,5,6,7) (1,5,6,7,8) (0,2,6,7) {58,72,60,43,52,97,79,74,27}
[.#####.] (0,1,2,3,5,6) (1,4) (0,2,4,5,6) (1,4,6) (0,1,3) (0,1,3,5,6) {218,241,14,217,25,210,229}
[####.#.#] (1,6,7) (0,3,4,6,7) (3,5,6) (0,1,2,3,5) (1,3,4,5,7) (1,3,4,5) (5,7) (0,2) {12,41,8,46,24,60,37,58}
[.#.#.#.#] (0,4,5,6) (0,3,5,7) (0,1,2) (1,3,4,5,6,7) (1,3,4,5,6) (2,3,5,6,7) (1,3,4,5,7) (0,2,4,6,7) {39,42,44,36,49,41,58,35}
[#..##.#..] (0,3,8) (2,5,7,8) (0,1,2,4) (0,1,2,5,6) (0,1,3,4,5,8) (3,4,6,7,8) (0,1,2,3,5,7) (1,2) {61,71,64,38,30,63,15,31,32}
[##.####..#] (0,1,2,5,6,7,8,9) (1,2,5,7,9) (0,1,4,5,7,9) (0,1,4,5,7,8,9) (0,1,3,4,7,8,9) (0,5,6,8) (1,3,4,9) (0,1,3,5,6,8) (4,7) {51,52,18,14,38,47,26,48,46,51}
[#..##.] (0,1,2,5) (2,4) (0,3,4) (1,2,4) (1,5) {10,141,145,5,145,14}
[##.#.##.] (1,4) (2,5) (0,2,3,6,7) (1,3,6) (0,1,2,4,5,6,7) (2,3,4,7) (0,1,2,5,6,7) (1,2,7) (0,1,2,4,5,7) {30,52,54,28,28,31,36,52}
[##.###.#.] (0,1,4,8) (0,5,8) (0,1,2,5,6,7) (1,3,7) (0,1,2,3,5,6,7,8) (0,3,4,6,7,8) (0,6,7,8) {159,122,111,108,10,129,131,132,155}
[#.....#.] (4,5,6) (0,6) (0,3,4,6,7) (0,1,2,4,5) (1,2,7) (0,5) (0,1,2,5,6,7) (0,3,7) (0,1,2,4) {83,44,44,30,53,52,54,53}
[###..] (0,2,4) (0,1,2) (0,2) (0,1,3) (0,1,3,4) {58,53,22,36,17}
[####] (0,1,2) (0,1) (0,3) (0,1,3) {64,46,10,37}
[.#..#...#] (5,6,8) (0,1,2,3,5) (0,1,2,3,5,6) (0,1,2,4) (0,2,4,5,7) (0,1,2,3,4,5,6,7) (1,4,8) {66,72,66,37,51,68,36,16,37}
[.##..#] (0,3,5) (0,2,3,5) (0,2,4,5) (0,1,2,5) (1,2) (0,2,3,4) (1,5) (2,4,5) {47,36,52,26,15,58}
[#..#.] (0,2,4) (0,3) (0,1,2,4) (0,2) (1,3) (0,1,2,3) {56,40,48,30,25}
[.##.] (1,3) (0,3) (1,2) (2,3) {13,21,13,41}
[#######...] (0,1,3) (2,3,8,9) (0,1,2,3,4,8) (0,1,2,3,4,5,8,9) (0,5,6,8) (2,4,5,6,7,9) (1,2,7,8,9) (0,5,6) (1,3,5,6,7) (0,1,2,6) {236,55,58,62,35,219,216,24,64,37}
[..##.#] (0,2,3,4) (0,3,4,5) (0,1,2,3,5) (0,5) (0,3,5) {51,2,14,37,25,39}
[.#.##.##] (2,4,5,6) (0,2,3,7) (0,1,2,4,5,6) (4) (5,7) (1,6) (1,2,3,5,6) (2,5) (2,3,4,6) {14,19,45,16,28,34,33,3}
[....#.#.##] (5,6,8) (2,4) (0,1,3,5,6,7,8,9) (1,2,6,9) (0,3,4,5,8,9) (0,1,2,4,5,6,7,9) (0,2,3,4,5,6,8,9) (8) (0,1,3,4,7,8,9) (0,9) (5,7) {55,33,30,50,47,58,39,37,64,68}
[#..##] (1,3) (0,1,3) (2) (0,2,3,4) {20,140,30,154,14}
[#.#.] (1,2,3) (0,2) {4,6,10,6}
[#..#.] (0,1,3,4) (0,4) (1,2,4) (0,3) (0,3,4) (2) (4) {55,31,17,35,76}
[.#.##.#] (0,2,6) (3,4,5,6) (0,1,3,4,5) (1,3,4,6) (1,4,5,6) {30,189,13,208,209,38,205}
[######..#] (5,8) (0,1,2,3,4,5,8) (0,6,8) (0,1,2,4,5,6,7,8) (3,4,5,6,7,8) (0,1,2,3,5,6,8) (1,2,3,4,6,7,8) (0,2,3,4,6,7) {48,44,48,37,54,47,42,35,59}
[#.....##.] (1,3,4,6,7,8) (0,5,6) (4,6,7) (0,2,6,7) (0,4,6,8) (4,5) (0,1,2,4,6,7,8) (1,2,4,8) (2,3,4,5,6,7,8) (1,2,4,6,7) (2,3,5,7) {32,30,57,48,63,42,77,80,48}
[.##.###] (2,3,6) (0,3,5) (0,2,3,6) (1,6) (3,6) (0,1,2,3,4) (0,2,3,5,6) (0,1,3,4,6) {61,42,42,76,25,24,62}
[.#.....#..] (1,2,5,8,9) (1,3) (1,4,5,7,8,9) (0,3,6,8,9) (0,2) (1,5) (1,7) (1,2,3,4,5,6,8,9) {31,67,46,26,23,51,26,27,54,54}
[..#...#.#] (2,4,6) (2,4,5,7,8) (0,3,4,5,8) (1,7) (1,2,3,4,6,7,8) (0,4,5,7) (1,3,4,5,8) (2,3,4,5,6) {39,34,67,72,122,87,55,49,64}
[##..##.##] (0,4,8) (5) (0,1,2,3,4,5,6,7) (1) (0,1,3,4,7,8) (0,3,5,7) (0,1,4,6,8) (0,2,6) (4,7,8) (0,3,4,7) (1,2) {86,63,32,55,83,46,31,66,50}
[#..#..] (0,2,3,5) (1,2,3,4,5) (0,2,3,4,5) (0,3) {39,10,35,49,26,35}
[........##] (2,3,4,8,9) (0,1,2,3,6) (0,2,4,8) (1,2,5,6,9) (1,2,3,4,5,6,7) (3,5,9) (2,6) (0,1,3,4,6,7) (0,2,4,5,6,7,8,9) (1,3,5,7) {35,29,255,227,228,37,41,19,223,224}
[####...] (0,1,3,5) (2,4,5,6) (1) (0,3) (2,4) (4,5,6) (2,3,5,6) (1,3,4,5,6) {10,29,32,37,51,55,49}
[.###...#..] (1,2,3,4,9) (0,1,3,4,5,7,8,9) (1,2,3,4,5,6,8,9) (0,1,4,8) (1,7) (0,3,5,7,8,9) (0,1) (0,1,3,4,5,6,7,9) (4,5,8,9) (2,3,5,6,7) (1,3,4,5,9) (2,5,7,8,9) (2,3,5,6,9) {34,74,58,82,72,80,35,57,60,82}
[#..#.] (0,3) (0,1,2) (1,2) (0,2,4) {20,11,30,1,19}
[.##...#] (0,4,5,6) (0,1,4,5,6) (1,2,6) (1,2,3,6) (4) (0,2) (1,5,6) (1,4,5,6) {229,61,39,15,250,235,259}
[##.......] (0,4,8) (1,2,3,5,7,8) (5,7) (7,8) (1,4,6) (0,1,2,3,5,6,7) (0,6,8) (1,3,4,6) (3,6,7) (0,2,7) (0,1,4,5) {229,243,213,221,43,221,232,231,62}
[##..#] (1,3,4) (0,3) (1,2) {7,17,2,22,15}
[#.###.#.] (0,1,2,3,5,6,7) (0,2,5) (0,6,7) (0,1,3,4) (0,1,7) (2,3,4,7) {39,30,21,27,21,12,9,30}
[#...#] (1,2,3) (0,2,4) (0,1,3,4) (1,3) (2) (1) (0,3,4) {215,62,32,242,215}
[.##.##] (1,2) (2,4,5) (0,2) (3) (3,4) (0,1,2,3) (0,1,4,5) {24,25,23,16,30,30}
[.####] (1,4) (0,3,4) (0,1,2) {17,20,7,10,23}
[..##.##.##] (1,2,5,6,7,8,9) (0,1,2,4,6,8) (0,2,3,4,5,7,9) (1,2,4,5,7,9) (1,2,3,4,5,7,9) (1,2,3,4,5,6,7,8) (0,1,5,6,8) (0,1,3,6,7) (0,3,4,5,6,7,8,9) {27,150,141,133,141,153,40,141,38,120}
[.##.#...#] (1,2) (1,2,3,4,5,6,7) (5,6,7) (0,2,3,4,6,7,8) (0,4,6,7,8) (1,8) (1,2,3,6) {19,61,55,37,38,37,72,56,27}
[#.....#..] (1,2,5,6,7) (2,3,4,6,8) (4,5) (7,8) (1,3,5,6,7,8) (0,6,7,8) (0,2,3,5,6,8) (0,2,3,4,6,8) {19,145,23,168,41,165,179,169,192}
[##.#...##] (0,5) (4,6,7,8) (0,1,7,8) (1,2,3,4,5,7) (2,6,7) (0,2,4,6,7,8) (0,1,3,5,7,8) {215,209,19,189,19,199,15,224,210}
[.##...#..] (1,4,7,8) (0,1,2,3,4,5,6,7) (1,2,3,4,5,6,8) (5,8) (1,3,7) (0,3,4,6,7) (0,1,3,5,6,7,8) (0,1,5,6,8) (0,1,3,4,5,6,8) {37,38,19,45,48,47,47,37,45}
[#..##.#] (1,4) (1,2,3,4,6) (1,2,3,4,5) (6) (0,2,3,4,6) (2,5) (0,2,5,6) {188,24,199,8,28,193,199}
[####] (1,3) (0,2) (1) (2) (0,2,3) {32,30,39,30}
[##.#] (0,1,3) (0,1,2) (0,1) (1,2) {25,42,31,4}
[#....#] (1,2,3) (0,1,3,4) (2,3) (1,2,3,4,5) (1,2,4,5) (3,4) (0,2,3,4) {18,51,74,68,49,28}
[....#.##] (1,2,3,4,5,7) (4) (1,2,3,5,6,7) (0,4,5,7) (4,6,7) (1) (0,2,5,6) (1,3,5,6,7) (1,3,6) (0,1,2,3,7) {18,65,29,56,34,50,50,57}
[.##.....] (1,2) (1,2,4) (0,1,2,3,4,5) (0,2,3,4,6) (0,2,6,7) (2,3,4,5) (0,6,7) {197,6,195,4,6,4,194,194}
[####.] (0) (0,2,4) (1,4) (3) (1,2,3) (0,1) {31,27,11,18,17}
[....#] (0,3) (1,2) (1,2,4) (0,2,4) (0,2,3) (0,4) {220,13,216,204,24}
[..##] (2,3) (0) (0,3) (1) {25,17,12,20}
[.#.#] (1,3) (0,2,3) {14,6,14,20}
[#.###] (0,2,3) (0,3,4) (1,2) (0,2) (0,1,2) (4) (1) {51,32,46,12,20}
[......#...] (1,2,3,4,6,7,8,9) (0,1,2,3,4,5,6,7,8) (3,4,5,7) (1,4,5,6,8) (0,2,4,6,8,9) (1,5) (2,3,4,5,6,7,8) (0,1,2,3,4,6,7) {186,203,207,210,236,81,217,210,61,19}
[#.#.....#.] (0,2,4,5,6,7,8,9) (0,3,4,7,8) (0,1,2,3,4,5,7,9) (0,1,3,6) (2,3,6) (0,2,4,6,9) (1,3,4,9) (0,2,3,6,7,9) {197,28,167,58,173,143,163,173,145,167}
[#...####] (0,1,2,6,7) (0,3,5,6,7) (0,4,5,6,7) (1,2,3,4,5,6) (0,1,4,5,6) (5,7) (0,1,3,4,6,7) (0,2,3,4) (3,4,6,7) {40,37,14,31,42,149,54,168}
[#...#.#.#.] (1,2,3,4,5,6,8,9) (2,3,4,5,6,7,8,9) (0,2,5,6,7,8) (0,1,5,9) (1,2,3,6,7,8,9) (0,1,3,4,5,6,8) (1,2,5,6,7,9) (0,1,2,3,4) (3) (0,1,3,4,5,7,8,9) (0,9) (1,2,3,8) (0,2,3,5,6,7,9) {67,52,68,87,41,66,48,61,59,87}
[##.###.] (0,2,3,4,5) (1,3,4,5,6) (1,2,4,5,6) (1,2) (0,1,2,3,6) {20,40,44,25,27,27,29}
[######] (1,2,4,5) (1,2) (1,2,3,5) (1,2,3) (2,3,5) (0,1,2) (2,4) (0,1,2,3,5) {31,54,66,35,12,23}
[###....#..] (0,6,8) (1,2,4,5,6,9) (2,5,7,8) (1,3) (0,1,3,4,5,6,7,9) (2,5) (4,5,7,8,9) (1,2,4,5,6,7,8) {24,40,33,27,205,225,37,220,224,192}