16005952
4105637
11352019
15817186
4098705
12872908
8497464
953357
658947
16525367
9805785
11848762
15016248
10258565
1236116
8475256
9841282
9279553
3524631
5459384
4352598
6023754
9598299
2275801
5436419
967753
4568091
268536
6627926
6134160
11090833
7965851
8596814
12074421
7654723
7162983
2778975
13433071
11557584
1240730
16257170
12745729
1784855
13590502
2657194
1871823
1939487
12851713
10976445
7231282
9617042
13782959
15814887
833959
2129032
11986986
13613940
1627277
3856845
3907399
6071714
14252158
9584282
2632188
7416361
11940330
11213071
14247115
12762341
12857806
835745
8861907
11815057
8306068
2740153
903780
6195221
5068416
15561933
5095054
6575600
6904358
14583571
647462
7223875
11722787
1926141
1145022
15842934
15437649
16049257
671282
11963376
8333077
16510833
3256457
10101043
8763887
4679550
2467938
1373573
6414017
6828318
5981774
2207436
10309460
15131858
3807811
1771106
6618788
2562524
10913168
4917385
15153490
9966247
14584252
11492847
2426942
10917936
16087872
11771597
10817993
10478429
13255703
3775347
12546981
11283946
7618021
13161902
620094
9419523
6109896
7854368
5445082
13330001
13008049
13888936
10341731
14668204
6249151
8648226
16584090
11704865
10666010
10999335
12626419
7358340
1570177
5706529
208072
6183437
14289907
4368102
1013723
6722321
15425762
3552241
15789608
9679882
16517271
14451932
4870672
2557363
13647794
15595765
13095057
3625750
13925950
4927166
6013191
9250248
8872717
4116971
9398850
4273346
14336751
1987763
14791478
15044993
10412478
14871448
4894860
8805168
12501305
2176620
5718666
11075806
12116067
15296803
1100144
11632070
12153630
13617687
14535491
5230794
4231860
6502780
10241647
4146775
4723292
1500789
12941850
4867288
3685286
5965999
2089257
10757105
3658891
4690305
641318
6906009
4153287
2452604
12172284
4532254
12570403
9153771
7300194
13950221
2292370
2915089
16499279
2670268
7574774
2212079
9609291
807455
10507539
6060611
9899452
744517
6767655
9739684
8916598
3289018
2103702
14566688
11611829
12417449
16060719
389731
380314
8426850
1600962
5465398
9625822
7561350
12902652
10408555
9827301
6585041
16005599
14920811
12586184
681458
9058731
1729862
15000603
7663524
16339338
10902471
5308968
2243994
3520251
10860841
1671007
6585208
8187842
6001415
16158542
5507689
12535025
14931152
849694
8510344
7988599
6415439
3802106
9420154
14002386
12107271
9470965
8748615
915322
14776040
4540215
6500241
16274911
8073577
13662226
15216866
14038557
6955859
3142008
9907409
8663293
14630789
12190961
3503677
11966012
1204896
11982224
6776305
3849156
2878199
9936352
5042766
9421078
16501324
3378367
4384172
9774342
10697358
1122882
15874155
16051623
7806369
881537
16467103
1962584
588337
6220778
7937652
13018080
3259612
331318
1007969
7625644
13016189
15171465
12614233
11175817
3041782
7603825
8576511
10618758
153311
5303964
9429767
6141451
12188294
16702200
16519081
6200278
16296224
12909492
7123230
8708096
6921582
6944313
5400767
12619022
7342363
9028508
2428801
8197318
6544088
12724310
1421564
13875817
8807088
11407159
7434040
3159022
9397316
13663090
8428296
15383561
4162436
8815497
1779088
9708995
16460300
5440112
3502616
9129194
5398979
10462938
6053654
15096265
11926335
11508694
4830696
15659061
1930344
15606614
6022462
16357228
11482148
14068711
5867210
15259396
11012916
7393570
14841950
5171902
10727241
3443397
4833014
14885157
5880815
11985730
11514577
12412028
150651
2411685
11764207
6150365
10981894
12194897
2461156
10715702
10743931
14853078
1828391
753479
6337843
13033823
5092452
5660900
14933972
10053055
3811492
1811529
5354296
10339066
12243557
11557285
13682345
2209154
955877
14408381
15761495
10479031
15467829
3823120
11181786
2424942
8650425
810702
8755610
7742773
10056173
1377982
10876252
6672878
16329557
10746389
8682386
11664903
8051886
9647233
12570394
6032930
2837074
136843
8050583
13618275
14671355
12624372
15899977
14048200
7853276
5801682
8558904
6160147
11339558
9527487
7360632
651178
15846601
7622633
7398640
4188045
1960545
13638494
9546054
2065719
15701207
10597841
3784882
13271442
1543766
1221029
2843929
9935221
7859907
6156849
11472506
14282334
10574037
328682
6870186
10942193
5629580
4084103
11790452
1667247
8515468
10532353
313799
3754732
3054972
16185585
1525200
8616113
15331647
9605357
10721581
10736984
7799639
2182166
15079150
9158693
11255184
1054606
6630600
12078821
14456655
7655488
13090549
4364472
4310200
2367496
3199555
9034173
4015626
1146677
13236331
12476406
11144262
1372489
2855223
5454632
16344434
15974866
12110331
5279165
637260
786789
14115814
14333362
4565638
10403834
6305778
16581552
9339910
12570395
10988745
173333
7979245
5069034
2872988
10888567
7208042
3198546
10072800
7370362
10938253
11332721
12077337
4903767
1800873
12127449
4509204
1425755
172234
6890277
6295493
2269690
6519313
3084844
1129609
10165901
14295246
15538454
7590097
11967451
9695316
8227488
11819335
1172681
10071924
5551127
687398
9796160
2160307
9997222
465918
13839157
634662
820252
5593904
1414447
642552
2796681
158048
1924155
3892575
3887557
4528302
6212424
9431507
7720039
9292495
13122628
4324632
6583445
14781477
2315251
9847686
8727472
13935571
8491413
14452435
15282163
2213383
5099467
6600537
5537024
3664678
168930
6157697
8760172
2980151
11992246
8627171
4570775
13552817
521185
15352580
10723410
498179
16528526
12281240
9702205
3893607
7447664
8913538
14126140
3299881
10047188
4168847
13770468
13510975
2660482
3387984
5053818
8151050
15245129
9137690
12716233
11780935
10707593
11672223
2401275
8011429
16293096
9578244
291439
7487244
7146360
12513728
4429509
1821558
14302756
4245271
2293805
4571736
6525204
7789085
14529403
14874325
12929239
10162636
9084334
4521338
7161027
3250624
7267073
11879152
8304082
4572075
12715556
12220437
507253
2434705
7201742
12180731
4905333
6127446
1869177
5234624
3946722
8375818
5423094
16692156
4015166
6482111
12373328
9095515
12591564
16472745
13388404
9219579
13844413
16267385
8111649
857450
4651611
4367562
3097799
3824392
10710483
2446512
8094264
4609892
10298203
14317619
4219753
6627042
4809130
14626999
16704997
15417156
15393389
14295811
8531243
11465512
16583514
12310443
1914285
5641270
1221364
13852240
304906
5004642
15696027
9312818
3508413
15847115
4896458
3181596
7660413
864977
15011445
809661
6101885
10506373
4183434
8094188
2613715
4532551
14127454
10708831
11316089
1676816
1327736
13255350
16297892
13962312
15454891
13284259
10118017
15307033
5495511
14952036
16348142
2405604
9640902
6723692
3238973
7509517
6379451
8583338
11923668
9214606
11227408
16745293
13759239
981408
10930198
9606248
12590758
15727222
4306912
275040
13657687
5347710
14070051
1338447
16435237
4598399
13700229
2964758
11846796
6724348
8543452
14241047
9602470
11842693
1621695
1916404
9774946
14264872
9742252
4092138
6101511
12340715
330896
15529152
3093461
16741136
11212802
8107857
10357274
15116085
14697694
7842848
12895183
13299360
12006392
5865565
11619461
3172006
10927305
16650518
16710748
7367671
2351791
7554366
3155360
14117014
2290719
14319207
659645
6684289
8138911
7377935
9611370
8886162
14812901
13074777
4665369
6367425
11929456
3969041
3271444
13129189
14932823
7213268
14518569
12073761
3822490
5276424
10076983
10062240
8027473
15635284
978075
3730848
4762481
1075204
1233720
10085324
5294467
2646962
1991806
12925631
12768451
2401095
16046067
9040586
4844653
10422327
4789382
6910348
16285640
14309000
3767084
3471255
9521794
2540286
9430129
3593247
15677296
8776785
1930455
9915646
8202332
7177757
13554521
4908903
9691358
15700143
8026823
1734494
12180345
15968652
13459520
10148012
5385505
2185461
11297737
14330641
14511461
1639507
4338076
9309328
14490088
11589581
3602622
12893997
10120381
1785321
15143745
7408389
6162255
4441676
12858296
12851606
12593402
8998995
14909274
11569908
12059263
11880020
1057454
12855583
12371817
8275697
9647314
6381581
9219655
855534
6572237
5798333
7242060
13519226
14408438
16350354
3386446
3245798
6696692
11622005
322681
7403042
14311314
7870571
3707688
498014
10344814
8340512
2191737
16445806
6593118
15163005
15881941
9597850
593508
7825310
9765767
7366049
9293317
4898948
3642099
6368436
11386406
15475088
14602327
2289483
13819024
1851732
10051398
10984326
12350418
9032003
1175330
15935481
15299201
4367599
8667317
1648247
3766873
6539219
14227408
13935477
10226036
2393387
549503
12299377
10377085
16448573
4398263
13813656
4419706
9226594
7179460
12448436
4809683
6490205
869083
15166003
9930265
12447479
11159314
8011465
7117892
9985680
12690962
1545209
10091811
6483986
1326881
11988813
13717299
8945409
5085194
5712631
4154174
6579564
3433839
9437647
4455613
7093073
4086399
4561550
7351657
10534798
4274913
1277823
13149996
2936476
1029812
9163366
11357245
4137811
6128668
5621233
6940197
6600595
6145399
8333667
4306760
15701269
14221498
6261917
2118812
16570802
7453875
7656719
9206852
14462296
10870287
16016238
1730335
15823420
7784689
16169329
7548018
15667546
7104165
1913354
2776443
11724043
7854778
1333472
4128752
4544851
2681115
14482207
8050770
13782240
8773953
10198705
11121745
1961425
10746518
10932834
4497573
725568
7417158
8463191
15599930
3126534
15405682
7638918
3499232
7181193
2271383
16407521
13028197
7612513
11077199
12997605
12555387
11083848
15872037
9431645
6200253
9935444
6367045
5469200
4790448
7025025
6205455
12646409
790003
16585627
11184710
3785233
6647387
11198453
15901333
8398314
9000786
15482605
14589818
9080971
2071185
7610634
13780062
5321644
1610769
13195619
2164138
14488187
1546480
14043758
14168572
7733332
8890124
8195452
5734520
11531996
16070715
3851285
3879960
5372862
13821193
425494
8380796
6572762
6807383
14002083
9879864
10781535
4201089
16291389
9571851
11782374
2189854
3822575
6499718
4520010
6686736
3338785
7722172
10143311
2896680
15446704
2925188
6201338
13315956
2909467
11403110
12709038
12285202
14226920
6081053
6984910
13351004
11354134
14309306
12834783
5337926
16329284
1350137
7810754
11489746
3148603
11824690
11570356
13651930
13927147
2481544
9592921
12927631
419128
16039024
9209905
9640338
13941493
8715941
11634484
3692550
13576709
7550402
12116612
684674
1445909
4136524
10429272
1053043
13820539
12812799
8891506
13448565
4305301
9359421
2345878
10633645
14536097
16382035
8472960
6796687
6735429
15121926
13863195
3174430
1545217
5962049
5575811
235839
746358
7018334
12289948
15629975
10347758
7241837
11605989
11200273
11622044
15402807
3914524
5408604
4513035
9941104
13110864
6070368
1489584
9987700
7389128
7373863
9970932
16495701
10238976
5651332
10476028
4298423
11914223
15015036
9057894
11705322
12647534
12285047
6739031
9949482
10948472
8124171
8005061
3527070
11934628
7684237
14018944
14894772
9064439
595831
16362830
7107079
8601055
10303292
6758060
5779586
14939062
14298953
13436644
1451724
14595024
10778511
3096034
11297105
7864781
15619682
10117318
14757903
12461346
6420288
16442693
11274610
14868663
13655206
11233554
7733522
12482199
15875606
9864165
930005
11456606
14013510
9210732
5258813
10697832
4838788
2996531
6548524
9125919
14356834
12389287
12452904
11855153
9841181
8623027
15762296
3421381
2664780
13576136
4139240
10458385
11420139
6923026
13410802
7599597
8747345
2612048
172599
2188373
10321962
1816875
3356872
8269274
14608952
5029129
15099062
11231316
4895874
11636003
13107077
15305259
15205196
3522645
15198688
16206015
977217
8403766
5729956
7323513
6745418
2646594
13571056
4493097
9554337
3396431
11579950
10851664
12698350
14940747
1335383
16620019
1380018
15519751
9397198
14898052
6486640
9930270
15090413
7649126
8070881
1599274
12246361
10325342
2969791
10508100
13639068
821557
4014524
8465497
2729495
7920281
3599563
11438345
10719633
9567252
3280622
10057195
10018517
11702707
6647454
13243513
5562564
3152573
14341387
15096740
15180321
5573250
3197847
14268375
15384548
8795900
9177649
10550879
7933849
1921944
3487384
15447652
13718115
11468576
1265165
4984650
338621
432223
10805349
767192
13046731
13443440
5278286
7554253
11982643
13154689
14227981
10921563
1911558
1972980
2298905
3904187
11537886
12700802
7557288
12574065
2952649
9026117
9170556
4035294
13821893
2579215
9664298
12116892
11891656
834213
15975290
6001299
7621923
10636810
11059365
7649828
5792486
4630285
10079927
8794480
8517788
16610236
2558659
12228052
7313156
2027659
707145
2581680
12259321
10388532
5309877
1705746
9286054
5557890
9827273
13503081
15390046
6056526
16319618
6213410
16742164
7805747
3831072
1179451
6022491
6777694
9989596
10838779
3336220
14477866
5562920
14934144
7608276
11176695
11404138
5786503
3817779
12915168
15929766
12602544
16608032
6634444
14262972
15479465
9359631
806204
2514351
12225278
9921098
8196656
4374715
4226012
12137073
7533894
15289593
4459227
11137260
7651356
3780069
3458785
12566083
15244974
15977521
13050742
12152962
11413072
2797344
830004
4654272
11477627
5665761
6939339
14298286
2931064
14099566
4346565
9749962
14664840
9297118
3511157
16110920
13753816
15881287
15893947
3422746
6571553
4504301
11462592
14653118
12332926
14745591
14729387
6457467
15384167
1727109
7172145
5028502
2027634
5415614
14607377
7732157
4459976
9516123
6105872
7963537
12716510
14887673
1241974
1308539
15183164
1609387
13275679
11696725
4272306
11934265
11994644
5161858
8549769
8952285
13144836
14520580
9556405
3425904
5866075
16060123
10798659
7084927
7755415
16147894
14249097
12710948
2633258
11371851
15806420
5214261
14852778
11500861
13826201
6270683
15957287
1112917
9006895
4436636
11925853
7180573
8508014
4530836
12244479
12029573
8529281
8948396
7430312
8518953
8487781
15091357
14698235
16294170
147856
14847666
4584494
13499053
9271622
9332619
6443451
709066
6917130
14873692
10947323
15968400
9729717
12061607
15930746
8911296
275315
11474421
6935104
14279012
731387
4606614
12005042
11130001
7704585
8045905
509366
9474493
15983392
3014282
8004218
13385534
5940021
15633269
14640568
9347796
9896404
996041
11148170
12973312
4526570
3484047
11006648
14589637
8122152
8872149
1777187
2906632
9405586
2569539
14798114
652659
1450113
10971908
5810139
10763729
6845141
9723869
6119511
7223904
1948897
2674895
15855498
9340996
9858285
515440
13514448
7067008
5954779
6182563
3844422
6979147
11726797
10778228
5307655
11956828
8423761
16730252
2773446
16495626
10271946
5182440
3919941
5700229
6013282
15178869
16159746
10738781
3442958
15207304
1195507
2169261
10937226
16025174
6970232
1601233
10396807
1840931
8376197
13314924
8051060
1347095
8164579
11245254
10089370
8763293
2942616
9110536
6510965
3794032
622288
4655070
10502728
8440232
16516204
9586481
15758386
13996447
2734813
5778785
889610
804801
12672843
2224423
12154976
13641263
12783625
9548763
11376414
7445110
11132918
7362600
8256044
11064230
3407348
9741691
11270534
9268629
12536003
6110616
8355640
12992620
6217817
7682945
233829
4441653
11755387
13273049
13562804
4523940
9925042
13705294
4713482
16255798
10844820
12230789
13149011
9173851
3024726
16247385
6281031
3328495
9062784
5889532
1866916
2912520
6388108
16607439
13680881
137892
13775592
10957337
2886528
14750967
4710024
10687715
15321783
4435213
4952339
8645847
3558490
11669936
3548163
14200312
12903138
457624
12051143
6269046
9199738
13612472
7515870
3210145
7323634
985221
4091118
6838087
4254337
371973
10287710
9551477
12942422
15724598
16328903
8829937
10331785
13939618
14627780
7916581
14522720
8131863
4315156
9129137
16308894
11258958
14891512
1073949
9275159
1589706
1299911
8557958
13011422
6555003
11473511
5999973
6779868
11310513
1121026
4731093
5100053
8799880
16604617
5907964
12844166
13891440
9798120
1073516
10717460
3767950
3309812
12894064
285425
7544957
9867554
13909114
12717208
4906402
10686317
16729571
3139214
11869289
8522886
4793690
10044684
1671398
364261
9028174
11804676
6114796
12855503
2236623
1644781
731450
8053825
3743780
9705072
9614174
7967181
7354504
16776226
2765826
4957293
6832676
13285959
1653684
7435257
15518602
2941965
531651
4529301
3542671
4564845
8291482
551907
605029
10598064
6901247
9252601
14771842
12522892
3494348
2531159
14215611
8997017
7665458
1972992
7747492
7992121
11433283
7558575
1240332
8137466
15859004
16445640
12911352
6862315
9484123
14886459
5654357
3926185
191006
4639169
1068796
15212121
13604227
13583663
8240230
1891935
1179760
2484639
8750810
10556997
16410016
3971319
11118968
12818419
4212305
1483834
3195882
4973127
6722479
4199280
2257675
16222706
5405510
5918350
13167161
10954650
13518550
4934621
8339815
5250121
4422619
15899275
6380631
12106622
2540134
10389526
13031390
9717858
1742174
4949719
13522466
12506939
9654026
7357652
10704445
8686191
1424280
8881469
4372947
663887
7364512
908931
2074458
6591293
6910423
10658788
8504834
15466962
15531245
13974925
15876955
9176395
13535279
8412935
12895965
10808732
5786304
547469
11190166
11638151
13929798
10504790
6971475
13351234
6697117
1904709
10119565
3286375
8062090
9697962
2656873
8100449
14342039
787160
16113165
16505268
14880812
16286261
13747320
14173023
13420134
12477734
2371809
3395286
871873
10709736
2973589
16546582
3861603
15865532
10734865
9689321
4989917
8807467
12848081
11384704
5170042
652865
16365885
2407268
1289862
2347669
5705631
5674993
9443518
